lcl|KY627780.1_cds_AST36139.1_1	lcl|NC_086377.1_cds_XP_063438787.1_22328	83.624	1032	153	11	1	1026	1	1022	0.0	955
lcl|KY627780.1_cds_AST36139.1_1	lcl|NC_086377.1_cds_XP_063438787.1_22328	83.984	256	41	0	1041	1296	1278	1533	6.65e-64	246
lcl|KY627777.1_cds_AST36136.1_1	lcl|NC_086381.1_cds_XP_063399526.1_36882	84.615	624	81	10	1	612	1	621	1.22e-172	606
lcl|KY627775.1_cds_AST36134.1_1	lcl|NC_086377.1_cds_XP_063438514.1_21093	82.078	770	112	11	1	745	1	769	0.0	634
lcl|KY627774.1_cds_AST36133.1_1	lcl|NC_086380.1_cds_XP_063447981.1_32049	90.358	363	35	0	1	363	1	363	5.77e-134	477
lcl|KY627773.1_cds_AST36132.1_1	lcl|NC_086374.1_cds_XP_063424278.1_9744	87.500	264	33	0	62	325	383	646	3.06e-82	305
lcl|KY627772.1_cds_AST36131.1_1	lcl|NC_086375.1_cds_XP_063428191.1_12973	88.632	2076	200	19	1	2073	1	2043	0.0	2495
lcl|KY627771.1_cds_AST36130.1_1	lcl|NC_086374.1_cds_XP_063420784.1_9747	84.253	1378	179	21	123	1490	57	1406	0.0	1308
lcl|KY627770.1_cds_AST36129.1_1	lcl|NC_086374.1_cds_XP_063420217.1_9776	85.564	381	31	10	1	378	1	360	6.29e-104	377
lcl|KY627769.1_cds_AST36128.1_1	lcl|NC_086375.1_cds_XP_063425666.1_12971	84.452	894	114	7	1	892	1	871	0.0	857
lcl|KY627769.1_cds_AST36128.1_1	lcl|NC_086375.1_cds_XP_063425666.1_12971	82.111	559	83	9	380	937	623	1165	4.46e-129	462
lcl|KY627769.1_cds_AST36128.1_1	lcl|NC_086375.1_cds_XP_063425666.1_12971	79.228	544	84	15	374	892	83	622	1.01e-95	351
lcl|KY627768.1_cds_AST36127.1_1	lcl|NC_086374.1_cds_XP_063420217.1_9776	84.910	391	24	8	1	387	1	360	1.81e-99	363
lcl|AY845259.1_cds_AAX23969.1_1	lcl|NC_086376.1_cds_XP_063433676.1_18417	77.836	379	69	8	1	364	589	967	1.12e-56	220
lcl|AY845259.1_cds_AAX23969.1_1	lcl|NC_086376.1_cds_XP_063433676.1_18417	77.534	365	80	2	1	364	952	1315	4.04e-56	219
lcl|AY845259.1_cds_AAX23969.1_1	lcl|NC_086376.1_cds_XP_063433676.1_18417	77.454	377	71	10	1	364	2260	2635	1.88e-54	213
lcl|AY845259.1_cds_AAX23969.1_1	lcl|NC_086376.1_cds_XP_063433676.1_18417	77.654	358	66	12	1	345	832	1188	3.14e-52	206
lcl|AY845259.1_cds_AAX23969.1_1	lcl|NC_086376.1_cds_XP_063433676.1_18417	82.083	240	43	0	2	241	2291	2530	3.14e-52	206
lcl|AY845259.1_cds_AAX23969.1_1	lcl|NC_086376.1_cds_XP_063433676.1_18417	82.883	222	38	0	1	222	1438	1659	1.46e-50	200
lcl|AY845259.1_cds_AAX23969.1_1	lcl|NC_086376.1_cds_XP_063433676.1_18417	76.986	365	70	7	1	364	2014	2365	1.89e-49	196
lcl|AY845259.1_cds_AAX23969.1_1	lcl|NC_086376.1_cds_XP_063433676.1_18417	76.596	376	74	7	2	364	773	1147	6.80e-49	195
lcl|AY845259.1_cds_AAX23969.1_1	lcl|NC_086376.1_cds_XP_063433676.1_18417	77.910	335	57	9	31	364	559	877	2.45e-48	193
lcl|AY845259.1_cds_AAX23969.1_1	lcl|NC_086376.1_cds_XP_063433676.1_18417	83.333	210	33	2	1	209	2410	2618	2.45e-48	193
lcl|AY845259.1_cds_AAX23969.1_1	lcl|NC_086376.1_cds_XP_063433676.1_18417	76.650	394	60	15	2	364	1241	1633	3.16e-47	189
lcl|AY845259.1_cds_AAX23969.1_1	lcl|NC_086376.1_cds_XP_063433676.1_18417	76.781	379	61	16	1	364	451	817	1.14e-46	187
lcl|AY845259.1_cds_AAX23969.1_1	lcl|NC_086376.1_cds_XP_063433676.1_18417	81.448	221	41	0	2	222	1379	1599	5.29e-45	182
lcl|AY845259.1_cds_AAX23969.1_1	lcl|NC_086376.1_cds_XP_063433676.1_18417	80.889	225	35	6	1	224	2500	2717	1.15e-41	171
lcl|AY845259.1_cds_AAX23969.1_1	lcl|NC_086376.1_cds_XP_063433676.1_18417	75.660	341	80	3	31	370	1180	1518	1.48e-40	167
lcl|AY845259.1_cds_AAX23969.1_1	lcl|NC_086376.1_cds_XP_063433676.1_18417	80.631	222	31	6	1	222	1816	2025	6.90e-39	161
lcl|AY845259.1_cds_AAX23969.1_1	lcl|NC_086376.1_cds_XP_063433676.1_18417	75.000	384	74	8	1	364	1846	2227	8.92e-38	158
lcl|AY845259.1_cds_AAX23969.1_1	lcl|NC_086376.1_cds_XP_063433676.1_18417	74.937	395	67	15	1	364	2122	2515	4.15e-36	152
lcl|AY845259.1_cds_AAX23969.1_1	lcl|NC_086376.1_cds_XP_063433676.1_18417	79.253	241	30	11	1	222	1954	2193	1.49e-35	150
lcl|AY845259.1_cds_AAX23969.1_1	lcl|NC_086376.1_cds_XP_063433676.1_18417	80.905	199	26	8	1	196	2530	2719	1.93e-34	147
lcl|AY845259.1_cds_AAX23969.1_1	lcl|NC_086376.1_cds_XP_063433676.1_18417	88.235	119	14	0	1	119	1756	1874	2.50e-33	143
lcl|AY845259.1_cds_AAX23969.1_1	lcl|NC_086376.1_cds_XP_063433676.1_18417	78.378	222	36	7	1	222	1072	1281	1.50e-30	134
lcl|AY845259.1_cds_AAX23969.1_1	lcl|NC_086376.1_cds_XP_063433676.1_18417	83.962	106	17	0	136	241	346	451	4.24e-21	102
lcl|AY845262.1_cds_AAX23972.1_1	lcl|NC_086377.1_cds_XP_063438787.1_22328	89.397	1028	98	10	1	1023	1	1022	0.0	1284
lcl|AY845262.1_cds_AAX23972.1_1	lcl|NC_086377.1_cds_XP_063438787.1_22328	89.630	270	28	0	880	1149	994	1263	2.28e-93	344
lcl|AY845261.1_cds_AAX23971.1_1	lcl|NC_086377.1_cds_XP_063438787.1_22328	91.542	1265	100	5	1	1260	1	1263	0.0	1736
lcl|AY845260.1_cds_AAX23970.1_1	lcl|NC_086377.1_cds_XP_063438787.1_22328	90.841	939	81	3	1	935	1	938	0.0	1253
lcl|AY845260.1_cds_AAX23970.1_1	lcl|NC_086377.1_cds_XP_063438787.1_22328	91.160	543	45	2	871	1410	766	1308	0.0	734
lcl|AY845258.1_cds_AAX23968.1_1	lcl|NC_086376.1_cds_XP_063433676.1_18417	82.761	1717	189	36	1	1623	1	1704	0.0	1432
lcl|AY845258.1_cds_AAX23968.1_1	lcl|NC_086376.1_cds_XP_063433676.1_18417	82.112	1733	199	31	1	1667	1	1688	0.0	1380
lcl|AY845258.1_cds_AAX23968.1_1	lcl|NC_086376.1_cds_XP_063433676.1_18417	82.090	1742	183	36	1	1667	1	1688	0.0	1369
lcl|AY845258.1_cds_AAX23968.1_1	lcl|NC_086376.1_cds_XP_063433676.1_18417	82.559	1227	137	23	512	1673	332	1546	0.0	1009
lcl|AY845258.1_cds_AAX23968.1_1	lcl|NC_086376.1_cds_XP_063433676.1_18417	82.315	1227	139	22	478	1638	1297	2511	0.0	992
lcl|AY845258.1_cds_AAX23968.1_1	lcl|NC_086376.1_cds_XP_063433676.1_18417	80.683	1377	181	39	344	1667	650	1994	0.0	990
lcl|AY845258.1_cds_AAX23968.1_1	lcl|NC_086376.1_cds_XP_063433676.1_18417	81.782	1268	148	20	482	1667	422	1688	0.0	985
lcl|AY845258.1_cds_AAX23968.1_1	lcl|NC_086376.1_cds_XP_063433676.1_18417	80.761	1367	173	27	349	1667	1276	2600	0.0	985
lcl|AY845258.1_cds_AAX23968.1_1	lcl|NC_086376.1_cds_XP_063433676.1_18417	80.574	1359	172	27	344	1623	893	2238	0.0	963
lcl|AY845258.1_cds_AAX23968.1_1	lcl|NC_086376.1_cds_XP_063433676.1_18417	81.432	1271	152	24	482	1695	1439	2682	0.0	963
lcl|AY845258.1_cds_AAX23968.1_1	lcl|NC_086376.1_cds_XP_063433676.1_18417	80.543	1290	174	26	344	1578	422	1689	0.0	920
lcl|AY845258.1_cds_AAX23968.1_1	lcl|NC_086376.1_cds_XP_063433676.1_18417	79.898	1378	179	36	349	1689	1276	2592	0.0	920
lcl|AY845258.1_cds_AAX23968.1_1	lcl|NC_086376.1_cds_XP_063433676.1_18417	79.586	1401	196	46	349	1698	1384	2745	0.0	920
lcl|AY845258.1_cds_AAX23968.1_1	lcl|NC_086376.1_cds_XP_063433676.1_18417	79.571	1400	188	36	344	1667	1043	2420	0.0	911
lcl|AY845258.1_cds_AAX23968.1_1	lcl|NC_086376.1_cds_XP_063433676.1_18417	79.424	1390	190	33	344	1667	863	2222	0.0	894
lcl|AY845258.1_cds_AAX23968.1_1	lcl|NC_086376.1_cds_XP_063433676.1_18417	79.578	1376	173	21	344	1638	1073	2421	0.0	885
lcl|AY845258.1_cds_AAX23968.1_1	lcl|NC_086376.1_cds_XP_063433676.1_18417	80.892	1188	170	31	344	1497	1559	2723	0.0	883
lcl|AY845258.1_cds_AAX23968.1_1	lcl|NC_086376.1_cds_XP_063433676.1_18417	79.123	1346	212	27	344	1623	590	1932	0.0	865
lcl|AY845258.1_cds_AAX23968.1_1	lcl|NC_086376.1_cds_XP_063433676.1_18417	79.969	1283	152	31	478	1667	616	1886	0.0	848
lcl|AY845258.1_cds_AAX23968.1_1	lcl|NC_086376.1_cds_XP_063433676.1_18417	82.083	1066	116	20	650	1652	332	1385	0.0	841
lcl|AY845258.1_cds_AAX23968.1_1	lcl|NC_086376.1_cds_XP_063433676.1_18417	80.907	1147	124	30	625	1689	367	1500	0.0	817
lcl|AY845258.1_cds_AAX23968.1_1	lcl|NC_086376.1_cds_XP_063433676.1_18417	79.743	1244	160	36	344	1580	1559	2717	0.0	817
lcl|AY845258.1_cds_AAX23968.1_1	lcl|NC_086376.1_cds_XP_063433676.1_18417	81.879	1054	110	24	650	1667	332	1340	0.0	813
lcl|AY845258.1_cds_AAX23968.1_1	lcl|NC_086376.1_cds_XP_063433676.1_18417	79.538	1256	158	28	457	1667	367	1568	0.0	804
lcl|AY845258.1_cds_AAX23968.1_1	lcl|NC_086376.1_cds_XP_063433676.1_18417	81.576	1053	120	19	643	1667	1294	2300	0.0	802
lcl|AY845258.1_cds_AAX23968.1_1	lcl|NC_086376.1_cds_XP_063433676.1_18417	79.610	1231	163	29	478	1667	1297	2480	0.0	802
lcl|AY845258.1_cds_AAX23968.1_1	lcl|NC_086376.1_cds_XP_063433676.1_18417	78.361	1391	188	43	344	1667	710	2054	0.0	797
lcl|AY845258.1_cds_AAX23968.1_1	lcl|NC_086376.1_cds_XP_063433676.1_18417	79.451	1202	179	34	344	1520	1559	2717	0.0	789
lcl|AY845258.1_cds_AAX23968.1_1	lcl|NC_086376.1_cds_XP_063433676.1_18417	78.577	1321	189	33	344	1623	833	2100	0.0	785
lcl|AY845258.1_cds_AAX23968.1_1	lcl|NC_086376.1_cds_XP_063433676.1_18417	78.223	1373	189	35	344	1652	773	2099	0.0	778
lcl|AY845258.1_cds_AAX23968.1_1	lcl|NC_086376.1_cds_XP_063433676.1_18417	87.464	702	52	12	643	1317	2008	2700	0.0	776
lcl|AY845258.1_cds_AAX23968.1_1	lcl|NC_086376.1_cds_XP_063433676.1_18417	82.022	979	109	20	727	1667	391	1340	0.0	771
lcl|AY845258.1_cds_AAX23968.1_1	lcl|NC_086376.1_cds_XP_063433676.1_18417	77.778	1377	203	37	344	1652	590	1931	0.0	752
lcl|AY845258.1_cds_AAX23968.1_1	lcl|NC_086376.1_cds_XP_063433676.1_18417	78.819	1270	155	46	344	1580	1529	2717	0.0	750
lcl|AY845258.1_cds_AAX23968.1_1	lcl|NC_086376.1_cds_XP_063433676.1_18417	77.778	1395	191	41	349	1652	565	1931	0.0	749
lcl|AY845258.1_cds_AAX23968.1_1	lcl|NC_086376.1_cds_XP_063433676.1_18417	82.803	849	87	14	758	1566	332	1161	0.0	704
lcl|AY845258.1_cds_AAX23968.1_1	lcl|NC_086376.1_cds_XP_063433676.1_18417	82.139	823	122	6	862	1667	328	1142	0.0	682
lcl|AY845258.1_cds_AAX23968.1_1	lcl|NC_086376.1_cds_XP_063433676.1_18417	81.044	881	103	18	478	1302	1783	2655	0.0	643
lcl|AY845258.1_cds_AAX23968.1_1	lcl|NC_086376.1_cds_XP_063433676.1_18417	80.986	852	110	17	478	1306	1813	2635	7.44e-179	628
lcl|AY845258.1_cds_AAX23968.1_1	lcl|NC_086376.1_cds_XP_063433676.1_18417	80.605	892	93	19	478	1317	1753	2616	5.79e-175	616
lcl|AY845258.1_cds_AAX23968.1_1	lcl|NC_086376.1_cds_XP_063433676.1_18417	81.266	806	108	9	888	1652	384	1187	7.49e-174	612
lcl|AY845258.1_cds_AAX23968.1_1	lcl|NC_086376.1_cds_XP_063433676.1_18417	81.646	741	98	15	478	1184	1981	2717	2.11e-164	580
lcl|AY845258.1_cds_AAX23968.1_1	lcl|NC_086376.1_cds_XP_063433676.1_18417	82.446	695	78	22	643	1306	2038	2719	1.64e-160	568
lcl|AY845258.1_cds_AAX23968.1_1	lcl|NC_086376.1_cds_XP_063433676.1_18417	78.396	935	140	24	344	1232	1817	2735	1.66e-155	551
lcl|AY845258.1_cds_AAX23968.1_1	lcl|NC_086376.1_cds_XP_063433676.1_18417	78.115	955	135	25	344	1276	1817	2719	1.29e-151	538
lcl|AY845258.1_cds_AAX23968.1_1	lcl|NC_086376.1_cds_XP_063433676.1_18417	80.260	770	105	16	926	1667	332	1082	4.64e-151	536
lcl|AY845258.1_cds_AAX23968.1_1	lcl|NC_086376.1_cds_XP_063433676.1_18417	77.584	977	131	28	344	1276	1787	2719	2.81e-143	510
lcl|AY845258.1_cds_AAX23968.1_1	lcl|NC_086376.1_cds_XP_063433676.1_18417	79.036	768	121	19	346	1078	1957	2719	3.66e-137	490
lcl|AY845258.1_cds_AAX23968.1_1	lcl|NC_086376.1_cds_XP_063433676.1_18417	79.736	681	100	17	344	996	1985	2655	1.03e-127	459
lcl|AY845258.1_cds_AAX23968.1_1	lcl|NC_086376.1_cds_XP_063433676.1_18417	80.826	605	97	6	1080	1667	360	962	3.71e-127	457
lcl|AY845258.1_cds_AAX23968.1_1	lcl|NC_086376.1_cds_XP_063433676.1_18417	80.912	592	98	2	1082	1658	332	923	4.80e-126	453
lcl|AY845258.1_cds_AAX23968.1_1	lcl|NC_086376.1_cds_XP_063433676.1_18417	80.837	621	78	9	1082	1673	422	1030	6.22e-125	449
lcl|AY845258.1_cds_AAX23968.1_1	lcl|NC_086376.1_cds_XP_063433676.1_18417	83.333	462	49	9	643	1078	2176	2635	1.77e-110	401
lcl|AY845258.1_cds_AAX23968.1_1	lcl|NC_086376.1_cds_XP_063433676.1_18417	79.188	591	69	14	511	1074	2092	2655	3.00e-98	361
lcl|AY845258.1_cds_AAX23968.1_1	lcl|NC_086376.1_cds_XP_063433676.1_18417	77.623	648	93	28	349	970	2098	2719	8.39e-94	346
lcl|AY845258.1_cds_AAX23968.1_1	lcl|NC_086376.1_cds_XP_063433676.1_18417	78.131	535	84	9	1142	1667	332	842	1.10e-82	309
lcl|AY845258.1_cds_AAX23968.1_1	lcl|NC_086376.1_cds_XP_063433676.1_18417	82.031	384	35	14	643	1000	2344	2719	8.57e-79	296
lcl|AY845258.1_cds_AAX23968.1_1	lcl|NC_086376.1_cds_XP_063433676.1_18417	79.677	310	51	7	1358	1667	422	719	8.88e-54	213
lcl|AY845258.1_cds_AAX23968.1_1	lcl|NC_086376.1_cds_XP_063433676.1_18417	77.500	400	55	10	1309	1673	391	790	4.13e-52	207
lcl|AY845258.1_cds_AAX23968.1_1	lcl|NC_086376.1_cds_XP_063433676.1_18417	74.213	508	83	32	349	832	2236	2719	1.95e-40	169
lcl|AY845258.1_cds_AAX23968.1_1	lcl|NC_086376.1_cds_XP_063433676.1_18417	75.545	413	63	19	478	862	2317	2719	1.95e-40	169
lcl|AY845258.1_cds_AAX23968.1_1	lcl|NC_086376.1_cds_XP_063433676.1_18417	80.088	226	43	2	1354	1578	328	552	7.01e-40	167
lcl|AY845258.1_cds_AAX23968.1_1	lcl|NC_086376.1_cds_XP_063433676.1_18417	80.682	176	34	0	1492	1667	346	521	5.50e-31	137
lcl|GU321222.1_cds_ADB79760.1_1	lcl|NC_086374.1_cds_XP_063420804.1_9953	86.026	229	32	0	62	290	80	308	1.39e-64	246
lcl|GU321221.1_cds_ADB79759.1_1	lcl|NC_086374.1_cds_XP_063420804.1_9953	81.356	295	51	3	1	293	16	308	8.49e-62	237
lcl|GU321220.1_cds_ADB79758.1_1	lcl|NC_086374.1_cds_XP_063420804.1_9953	81.290	310	54	3	1	308	1	308	4.14e-65	248
lcl|GU321219.1_cds_ADB79757.1_1	lcl|NC_086374.1_cds_XP_063420804.1_9953	81.301	369	65	3	1	367	1	367	1.78e-79	296
lcl|GU321218.1_cds_ADB79756.1_1	lcl|NC_086374.1_cds_XP_063420804.1_9953	82.656	369	60	3	1	367	1	367	8.17e-88	324
lcl|GU321217.1_cds_ADB79755.1_1	lcl|NC_086374.1_cds_XP_063420804.1_9953	82.114	369	62	3	1	367	1	367	1.77e-84	313
lcl|GU321216.1_cds_ADB79754.1_1	lcl|NC_086374.1_cds_XP_063420804.1_9953	82.385	369	61	3	1	367	1	367	3.80e-86	318
lcl|GU321215.1_cds_ADB79753.1_1	lcl|NC_086374.1_cds_XP_063420804.1_9953	83.469	369	57	3	1	367	1	367	8.11e-93	340
lcl|GU321214.1_cds_ADB79752.1_1	lcl|NC_086374.1_cds_XP_063420804.1_9953	82.114	369	62	3	1	367	1	367	1.77e-84	313
lcl|GU321211.1_cds_ADB79749.1_1	lcl|NC_086378.1_cds_XP_063441028.1_26031	81.938	227	32	4	11	237	11	228	8.89e-46	183
lcl|GU321206.1_cds_ADB79744.1_1	lcl|NC_086378.1_cds_XP_063441028.1_26031	81.057	227	34	4	11	237	11	228	1.92e-42	172
lcl|GU321205.1_cds_ADB79743.1_1	lcl|NC_086378.1_cds_XP_063441028.1_26031	83.482	224	31	3	11	234	11	228	6.73e-52	204
lcl|AY960602.1_cds_AAY29132.1_1	lcl|NC_086376.1_cds_XP_063433676.1_18417	76.406	1992	345	55	1	1936	1	1923	0.0	959
lcl|AY960602.1_cds_AAY29132.1_1	lcl|NC_086376.1_cds_XP_063433676.1_18417	75.782	1631	320	46	394	1994	337	1922	0.0	754
lcl|AY960602.1_cds_AAY29132.1_1	lcl|NC_086376.1_cds_XP_063433676.1_18417	75.851	1586	318	38	419	1994	332	1862	0.0	747
lcl|AY960602.1_cds_AAY29132.1_1	lcl|NC_086376.1_cds_XP_063433676.1_18417	76.483	1399	280	20	479	1854	332	1704	0.0	715
lcl|AY960602.1_cds_AAY29132.1_1	lcl|NC_086376.1_cds_XP_063433676.1_18417	76.454	1393	261	41	539	1899	332	1689	0.0	693
lcl|AY960602.1_cds_AAY29132.1_1	lcl|NC_086376.1_cds_XP_063433676.1_18417	76.163	1376	275	34	599	1964	332	1664	0.0	675
lcl|AY960602.1_cds_AAY29132.1_1	lcl|NC_086376.1_cds_XP_063433676.1_18417	76.152	1346	268	30	659	1994	332	1634	0.0	658
lcl|AY960602.1_cds_AAY29132.1_1	lcl|NC_086376.1_cds_XP_063433676.1_18417	75.589	1274	254	37	749	1995	332	1575	3.26e-163	577
lcl|AY960602.1_cds_AAY29132.1_1	lcl|NC_086376.1_cds_XP_063433676.1_18417	76.570	1067	211	22	842	1899	335	1371	7.10e-155	549
lcl|AY960602.1_cds_AAY29132.1_1	lcl|NC_086376.1_cds_XP_063433676.1_18417	76.579	760	151	16	1259	1994	332	1088	1.27e-107	392
lcl|AY960602.1_cds_AAY29132.1_1	lcl|NC_086376.1_cds_XP_063433676.1_18417	76.037	651	133	14	1352	1995	335	969	7.84e-85	316
lcl|AY960601.1_cds_AAY29131.1_1	lcl|NC_086376.1_cds_XP_063433676.1_18417	76.441	2186	377	68	1	2144	1	2090	0.0	1057
lcl|AY960601.1_cds_AAY29131.1_1	lcl|NC_086376.1_cds_XP_063433676.1_18417	76.767	1627	294	43	539	2116	332	1923	0.0	833
lcl|AY960601.1_cds_AAY29131.1_1	lcl|NC_086376.1_cds_XP_063433676.1_18417	76.564	1630	309	41	479	2079	332	1917	0.0	826
lcl|AY960601.1_cds_AAY29131.1_1	lcl|NC_086376.1_cds_XP_063433676.1_18417	75.725	1586	320	43	599	2174	332	1862	0.0	736
lcl|AY960601.1_cds_AAY29131.1_1	lcl|NC_086376.1_cds_XP_063433676.1_18417	76.500	1400	278	22	659	2034	332	1704	0.0	715
lcl|AY960601.1_cds_AAY29131.1_1	lcl|NC_086376.1_cds_XP_063433676.1_18417	76.420	1391	265	33	719	2079	332	1689	0.0	693
lcl|AY960601.1_cds_AAY29131.1_1	lcl|NC_086376.1_cds_XP_063433676.1_18417	76.163	1376	275	34	779	2144	332	1664	0.0	675
lcl|AY960601.1_cds_AAY29131.1_1	lcl|NC_086376.1_cds_XP_063433676.1_18417	76.077	1346	269	30	839	2174	332	1634	0.0	652
lcl|AY960601.1_cds_AAY29131.1_1	lcl|NC_086376.1_cds_XP_063433676.1_18417	75.589	1274	254	37	929	2175	332	1575	3.55e-163	577
lcl|AY960601.1_cds_AAY29131.1_1	lcl|NC_086376.1_cds_XP_063433676.1_18417	76.570	1067	211	22	1022	2079	335	1371	7.74e-155	549
lcl|AY960601.1_cds_AAY29131.1_1	lcl|NC_086376.1_cds_XP_063433676.1_18417	76.579	760	151	16	1439	2174	332	1088	1.38e-107	392
lcl|AY960601.1_cds_AAY29131.1_1	lcl|NC_086376.1_cds_XP_063433676.1_18417	76.037	651	133	14	1532	2175	335	969	8.55e-85	316
lcl|AY960611.1_cds_AAY29128.1_1	lcl|NC_086378.1_cds_XP_063441031.1_26030	83.404	235	34	3	1	234	1	231	1.13e-54	213
lcl|AY960609.1_cds_AAY29126.1_1	lcl|NC_086378.1_cds_XP_063441031.1_26030	85.463	227	30	1	1	227	1	224	8.70e-61	233
lcl|DQ165555.2_cds_AAZ94728.1_1	lcl|NC_086378.1_cds_XP_063441028.1_26031	83.824	204	27	1	1	204	1	198	1.67e-47	189
lcl|DQ165554.2_cds_AAZ94727.1_1	lcl|NC_086378.1_cds_XP_063441028.1_26031	84.314	204	26	3	1	204	1	198	3.58e-49	195
lcl|D63778.1_cds_BAA09851.1_1	lcl|NC_086376.1_cds_XP_063433676.1_18417	83.876	1904	234	19	208	2097	256	2100	0.0	1748
lcl|D63778.1_cds_BAA09851.1_1	lcl|NC_086376.1_cds_XP_063433676.1_18417	82.999	1994	229	35	303	2253	756	2682	0.0	1703
lcl|D63778.1_cds_BAA09851.1_1	lcl|NC_086376.1_cds_XP_063433676.1_18417	83.273	1925	247	25	290	2202	620	2481	0.0	1701
lcl|D63778.1_cds_BAA09851.1_1	lcl|NC_086376.1_cds_XP_063433676.1_18417	83.849	1876	206	36	290	2097	392	2238	0.0	1696
lcl|D63778.1_cds_BAA09851.1_1	lcl|NC_086376.1_cds_XP_063433676.1_18417	84.038	1773	214	24	342	2099	354	2072	0.0	1642
lcl|D63778.1_cds_BAA09851.1_1	lcl|NC_086376.1_cds_XP_063433676.1_18417	83.733	1752	212	27	380	2099	332	2042	0.0	1589
lcl|D63778.1_cds_BAA09851.1_1	lcl|NC_086376.1_cds_XP_063433676.1_18417	82.199	1955	234	38	290	2202	833	2715	0.0	1578
lcl|D63778.1_cds_BAA09851.1_1	lcl|NC_086376.1_cds_XP_063433676.1_18417	84.997	1593	182	20	625	2187	367	1932	0.0	1565
lcl|D63778.1_cds_BAA09851.1_1	lcl|NC_086376.1_cds_XP_063433676.1_18417	83.315	1774	207	32	454	2202	346	2055	0.0	1554
lcl|D63778.1_cds_BAA09851.1_1	lcl|NC_086376.1_cds_XP_063433676.1_18417	84.553	1612	188	28	623	2202	335	1917	0.0	1541
lcl|D63778.1_cds_BAA09851.1_1	lcl|NC_086376.1_cds_XP_063433676.1_18417	82.463	1876	217	42	295	2144	928	2717	0.0	1539
lcl|D63778.1_cds_BAA09851.1_1	lcl|NC_086376.1_cds_XP_063433676.1_18417	81.818	1914	255	21	295	2202	685	2511	0.0	1520
lcl|D63778.1_cds_BAA09851.1_1	lcl|NC_086376.1_cds_XP_063433676.1_18417	83.838	1652	192	23	470	2097	332	1932	0.0	1502
lcl|D63778.1_cds_BAA09851.1_1	lcl|NC_086376.1_cds_XP_063433676.1_18417	82.032	1870	237	36	342	2202	582	2361	0.0	1500
lcl|D63778.1_cds_BAA09851.1_1	lcl|NC_086376.1_cds_XP_063433676.1_18417	82.298	1836	226	35	290	2121	983	2723	0.0	1498
lcl|D63778.1_cds_BAA09851.1_1	lcl|NC_086376.1_cds_XP_063433676.1_18417	84.290	1585	192	17	530	2099	332	1874	0.0	1495
lcl|D63778.1_cds_BAA09851.1_1	lcl|NC_086376.1_cds_XP_063433676.1_18417	86.302	1409	136	8	710	2097	332	1704	0.0	1480
lcl|D63778.1_cds_BAA09851.1_1	lcl|NC_086376.1_cds_XP_063433676.1_18417	83.095	1680	208	25	290	1967	1013	2618	0.0	1459
lcl|D63778.1_cds_BAA09851.1_1	lcl|NC_086376.1_cds_XP_063433676.1_18417	85.867	1401	147	9	670	2067	352	1704	0.0	1443
lcl|D63778.1_cds_BAA09851.1_1	lcl|NC_086376.1_cds_XP_063433676.1_18417	82.147	1742	211	36	290	2026	1073	2719	0.0	1402
lcl|D63778.1_cds_BAA09851.1_1	lcl|NC_086376.1_cds_XP_063433676.1_18417	85.227	1408	153	20	800	2202	332	1689	0.0	1397
lcl|D63778.1_cds_BAA09851.1_1	lcl|NC_086376.1_cds_XP_063433676.1_18417	83.013	1613	194	29	349	1954	1180	2719	0.0	1387
lcl|D63778.1_cds_BAA09851.1_1	lcl|NC_086376.1_cds_XP_063433676.1_18417	83.041	1598	187	26	379	1967	1180	2702	0.0	1373
lcl|D63778.1_cds_BAA09851.1_1	lcl|NC_086376.1_cds_XP_063433676.1_18417	85.811	1325	135	16	882	2202	384	1659	0.0	1356
lcl|D63778.1_cds_BAA09851.1_1	lcl|NC_086376.1_cds_XP_063433676.1_18417	85.401	1322	160	8	890	2202	332	1629	0.0	1341
lcl|D63778.1_cds_BAA09851.1_1	lcl|NC_086376.1_cds_XP_063433676.1_18417	82.118	1605	211	32	295	1894	1186	2719	0.0	1304
lcl|D63778.1_cds_BAA09851.1_1	lcl|NC_086376.1_cds_XP_063433676.1_18417	82.375	1583	197	32	290	1864	1211	2719	0.0	1303
lcl|D63778.1_cds_BAA09851.1_1	lcl|NC_086376.1_cds_XP_063433676.1_18417	85.335	1282	145	15	950	2202	332	1599	0.0	1286
lcl|D63778.1_cds_BAA09851.1_1	lcl|NC_086376.1_cds_XP_063433676.1_18417	87.630	1059	109	5	1100	2149	332	1377	0.0	1210
lcl|D63778.1_cds_BAA09851.1_1	lcl|NC_086376.1_cds_XP_063433676.1_18417	84.807	1244	132	15	980	2202	332	1539	0.0	1197
lcl|D63778.1_cds_BAA09851.1_1	lcl|NC_086376.1_cds_XP_063433676.1_18417	86.801	1091	105	8	1010	2097	332	1386	0.0	1181
lcl|D63778.1_cds_BAA09851.1_1	lcl|NC_086376.1_cds_XP_063433676.1_18417	87.018	1063	99	7	1040	2099	332	1358	0.0	1162
lcl|D63778.1_cds_BAA09851.1_1	lcl|NC_086376.1_cds_XP_063433676.1_18417	82.273	1399	188	20	379	1774	1378	2719	0.0	1155
lcl|D63778.1_cds_BAA09851.1_1	lcl|NC_086376.1_cds_XP_063433676.1_18417	81.993	1405	181	33	349	1744	1378	2719	0.0	1127
lcl|D63778.1_cds_BAA09851.1_1	lcl|NC_086376.1_cds_XP_063433676.1_18417	85.970	1062	128	5	1135	2187	337	1386	0.0	1116
lcl|D63778.1_cds_BAA09851.1_1	lcl|NC_086376.1_cds_XP_063433676.1_18417	81.688	1398	186	32	295	1684	1384	2719	0.0	1099
lcl|D63778.1_cds_BAA09851.1_1	lcl|NC_086376.1_cds_XP_063433676.1_18417	81.554	1377	190	27	343	1714	1402	2719	0.0	1077
lcl|D63778.1_cds_BAA09851.1_1	lcl|NC_086376.1_cds_XP_063433676.1_18417	84.725	1054	136	9	1160	2202	332	1371	0.0	1031
lcl|D63778.1_cds_BAA09851.1_1	lcl|NC_086376.1_cds_XP_063433676.1_18417	85.630	1016	107	10	1190	2202	332	1311	0.0	1031
lcl|D63778.1_cds_BAA09851.1_1	lcl|NC_086376.1_cds_XP_063433676.1_18417	87.855	881	80	3	1220	2097	332	1188	0.0	1009
lcl|D63778.1_cds_BAA09851.1_1	lcl|NC_086376.1_cds_XP_063433676.1_18417	79.910	1334	186	38	290	1594	1439	2719	0.0	904
lcl|D63778.1_cds_BAA09851.1_1	lcl|NC_086376.1_cds_XP_063433676.1_18417	80.311	1285	179	36	290	1564	1499	2719	0.0	904
lcl|D63778.1_cds_BAA09851.1_1	lcl|NC_086376.1_cds_XP_063433676.1_18417	85.520	884	95	13	1310	2187	332	1188	0.0	893
lcl|D63778.1_cds_BAA09851.1_1	lcl|NC_086376.1_cds_XP_063433676.1_18417	86.634	823	83	4	1280	2099	332	1130	0.0	885
lcl|D63778.1_cds_BAA09851.1_1	lcl|NC_086376.1_cds_XP_063433676.1_18417	85.885	836	91	6	1370	2202	332	1143	0.0	865
lcl|D63778.1_cds_BAA09851.1_1	lcl|NC_086376.1_cds_XP_063433676.1_18417	79.744	1249	191	25	290	1534	1529	2719	0.0	848
lcl|D63778.1_cds_BAA09851.1_1	lcl|NC_086376.1_cds_XP_063433676.1_18417	85.029	855	97	8	1340	2189	332	1160	0.0	841
lcl|D63778.1_cds_BAA09851.1_1	lcl|NC_086376.1_cds_XP_063433676.1_18417	84.962	798	93	3	1400	2194	332	1105	0.0	784
lcl|D63778.1_cds_BAA09851.1_1	lcl|NC_086376.1_cds_XP_063433676.1_18417	79.628	1075	159	28	379	1444	1696	2719	0.0	717
lcl|D63778.1_cds_BAA09851.1_1	lcl|NC_086376.1_cds_XP_063433676.1_18417	84.564	745	88	4	1461	2202	333	1053	0.0	713
lcl|D63778.1_cds_BAA09851.1_1	lcl|NC_086376.1_cds_XP_063433676.1_18417	79.516	1074	162	26	349	1414	1696	2719	0.0	712
lcl|D63778.1_cds_BAA09851.1_1	lcl|NC_086376.1_cds_XP_063433676.1_18417	79.183	1052	159	30	342	1384	1719	2719	0.0	675
lcl|D63778.1_cds_BAA09851.1_1	lcl|NC_086376.1_cds_XP_063433676.1_18417	84.334	683	86	5	1520	2202	332	993	0.0	649
lcl|D63778.1_cds_BAA09851.1_1	lcl|NC_086376.1_cds_XP_063433676.1_18417	78.351	1067	175	31	295	1354	1702	2719	0.0	640
lcl|D63778.1_cds_BAA09851.1_1	lcl|NC_086376.1_cds_XP_063433676.1_18417	84.122	655	79	10	1550	2202	332	963	3.59e-173	610
lcl|D63778.1_cds_BAA09851.1_1	lcl|NC_086376.1_cds_XP_063433676.1_18417	78.042	1011	168	29	290	1294	1757	2719	1.68e-166	588
lcl|D63778.1_cds_BAA09851.1_1	lcl|NC_086376.1_cds_XP_063433676.1_18417	77.597	982	164	25	290	1264	1787	2719	3.70e-153	544
lcl|D63778.1_cds_BAA09851.1_1	lcl|NC_086376.1_cds_XP_063433676.1_18417	82.975	605	70	7	1610	2193	332	924	8.06e-145	516
lcl|D63778.1_cds_BAA09851.1_1	lcl|NC_086376.1_cds_XP_063433676.1_18417	83.245	567	66	5	1640	2202	332	873	3.78e-138	494
lcl|D63778.1_cds_BAA09851.1_1	lcl|NC_086376.1_cds_XP_063433676.1_18417	84.647	482	65	3	1730	2202	332	813	1.77e-131	472
lcl|D63778.1_cds_BAA09851.1_1	lcl|NC_086376.1_cds_XP_063433676.1_18417	77.889	796	136	21	292	1082	1957	2717	1.38e-127	459
lcl|D63778.1_cds_BAA09851.1_1	lcl|NC_086376.1_cds_XP_063433676.1_18417	77.193	855	145	28	349	1192	1924	2739	6.41e-126	453
lcl|D63778.1_cds_BAA09851.1_1	lcl|NC_086376.1_cds_XP_063433676.1_18417	77.246	835	144	26	318	1144	1923	2719	2.98e-124	448
lcl|D63778.1_cds_BAA09851.1_1	lcl|NC_086376.1_cds_XP_063433676.1_18417	80.594	505	79	11	1760	2247	332	834	1.85e-101	372
lcl|D63778.1_cds_BAA09851.1_1	lcl|NC_086376.1_cds_XP_063433676.1_18417	95.455	198	9	0	1	198	1	198	8.77e-85	316
lcl|D63778.1_cds_BAA09851.1_1	lcl|NC_086376.1_cds_XP_063433676.1_18417	75.602	664	132	18	349	1006	2092	2731	2.46e-80	302
lcl|D63778.1_cds_BAA09851.1_1	lcl|NC_086376.1_cds_XP_063433676.1_18417	78.886	431	61	8	1790	2202	332	750	3.22e-69	265
lcl|D63778.1_cds_BAA09851.1_1	lcl|NC_086376.1_cds_XP_063433676.1_18417	79.730	222	43	2	1982	2202	332	552	1.56e-37	159
lcl|AB049580.1_cds_BAB16315.1_1	lcl|NC_086378.1_cds_XP_063441030.1_26032	89.496	238	19	1	1	232	1	238	1.08e-79	296
lcl|AB049579.1_cds_BAB16314.1_1	lcl|NC_086378.1_cds_XP_063441030.1_26032	92.727	110	8	0	1	110	1	110	1.33e-38	159
lcl|DQ351537.1_cds_ABC84186.1_1	lcl|NC_086374.1_cds_XP_063420804.1_9953	79.620	368	67	6	1	361	1	367	8.26e-68	257
lcl|KX268645.1_cds_ANN45959.1_1	lcl|NC_086373.1_cds_XP_063423694.1_1910	91.781	2105	167	4	1	2100	1	2104	0.0	2924
lcl|KX268644.1_cds_ANN45958.1_1	lcl|NC_086375.1_cds_XP_063428682.1_13548	90.123	2278	218	7	2040	4314	2062	4335	0.0	2953
lcl|KX268644.1_cds_ANN45958.1_1	lcl|NC_086375.1_cds_XP_063428682.1_13548	89.010	1929	205	5	1	1927	1	1924	0.0	2381
lcl|KX268643.1_cds_ANN45957.1_1	lcl|NC_086381.1_cds_XP_063397997.1_35959	89.975	1985	191	8	198	2178	261	2241	0.0	2556
lcl|KX268642.1_cds_ANN45956.1_1	lcl|NC_086381.1_cds_XP_063398890.1_33963	84.825	2234	287	33	1	2217	1	2199	0.0	2200
lcl|KX268641.1_cds_ANN45955.1_1	lcl|NC_086381.1_cds_XP_063399435.1_36559	89.236	2146	229	2	1	2145	1	2145	0.0	2682
lcl|KX268640.1_cds_ANN45954.1_1	lcl|NC_086380.1_cds_XP_063397592.1_32398	85.246	610	83	6	1	608	1	605	4.39e-177	621
lcl|KX268639.1_cds_ANN45953.1_1	lcl|NC_086374.1_cds_XP_063422032.1_7017	94.481	1993	93	9	1	1977	1	1992	0.0	3055
lcl|KX268638.1_cds_ANN45952.1_1	lcl|NW_026963340.1_cds_XP_063419161.1_52799	87.524	1042	130	0	1	1042	1	1042	0.0	1205
lcl|KX268637.1_cds_ANN45951.1_1	lcl|NC_086376.1_cds_XP_063435428.1_20497	82.889	713	101	13	1	710	1	695	5.10e-177	621
lcl|KX268636.1_cds_ANN45950.1_1	lcl|NC_086373.1_cds_XP_063411517.1_5134	92.939	963	65	1	1	963	1	960	0.0	1399
lcl|KX268635.1_cds_ANN45949.1_1	lcl|NC_086375.1_cds_XP_063425494.1_11670	89.101	2358	244	7	1	2350	1	2353	0.0	2918
lcl|KJ946424.1_cds_AIF74561.1_1	lcl|NC_086380.1_cds_XP_063396143.1_32191	85.965	399	47	7	1	393	58	453	3.93e-116	418
lcl|AF286154.1_cds_AAF89296.1_1	lcl|NC_086378.1_cds_XP_063441030.1_26032	83.582	201	27	4	1	198	1	198	8.14e-46	183
lcl|AF286152.1_cds_AAF89294.1_1	lcl|NC_086378.1_cds_XP_063441030.1_26032	87.500	240	27	1	1	237	1	240	5.13e-73	274
lcl|AF286150.1_cds_AAF89292.1_1	lcl|NC_086378.1_cds_XP_063441030.1_26032	89.474	171	15	1	1	168	1	171	1.04e-54	213
lcl|AF286149.1_cds_AAF89291.1_1	lcl|NC_086378.1_cds_XP_063441030.1_26032	87.135	171	19	1	1	168	1	171	4.86e-48	191
lcl|AF286148.1_cds_AAF89290.1_1	lcl|NC_086378.1_cds_XP_063441030.1_26032	88.889	171	16	1	1	168	1	171	4.83e-53	207
lcl|AF286147.1_cds_AAF89289.1_1	lcl|NC_086378.1_cds_XP_063441030.1_26032	85.965	171	21	1	1	168	1	171	1.05e-44	180
lcl|AF286140.1_cds_AAF89282.1_1	lcl|NC_086378.1_cds_XP_063441030.1_26032	88.333	240	25	1	1	237	1	240	2.37e-76	285
lcl|AF286139.1_cds_AAF89281.1_1	lcl|NC_086378.1_cds_XP_063441030.1_26032	87.917	240	26	1	1	237	1	240	1.10e-74	279
lcl|AF286137.1_cds_AAF89279.1_1	lcl|NC_086378.1_cds_XP_063441030.1_26032	88.333	240	25	1	1	237	1	240	2.37e-76	285
lcl|AF286136.1_cds_AAF89278.1_1	lcl|NC_086378.1_cds_XP_063441030.1_26032	88.889	171	16	1	1	168	1	171	4.83e-53	207
lcl|DQ351536.1_cds_ABC84185.1_1	lcl|NC_086375.1_cds_XP_063427621.1_15698	79.198	1447	291	10	147	1588	399	1840	0.0	996
lcl|DQ351536.1_cds_ABC84185.1_1	lcl|NC_086375.1_cds_XP_063427621.1_15698	80.687	1077	203	5	266	1341	368	1440	0.0	832
lcl|DQ351536.1_cds_ABC84185.1_1	lcl|NC_086375.1_cds_XP_063427621.1_15698	78.967	1046	213	6	298	1341	370	1410	0.0	706
lcl|DQ351536.1_cds_ABC84185.1_1	lcl|NC_086375.1_cds_XP_063427621.1_15698	77.314	1199	261	10	147	1341	369	1560	0.0	697
lcl|DQ351536.1_cds_ABC84185.1_1	lcl|NC_086375.1_cds_XP_063427621.1_15698	77.875	800	173	4	506	1303	368	1165	4.08e-138	494
lcl|DQ351536.1_cds_ABC84185.1_1	lcl|NC_086375.1_cds_XP_063427621.1_15698	84.141	454	72	0	1847	2300	1994	2447	5.39e-122	440
lcl|DQ351536.1_cds_ABC84185.1_1	lcl|NC_086375.1_cds_XP_063427621.1_15698	76.740	589	135	2	656	1243	368	955	4.37e-88	327
lcl|DQ351535.1_cds_ABC84184.1_1	lcl|NC_086375.1_cds_XP_063426015.1_15699	77.019	1771	335	44	1	1714	1	1756	0.0	950
lcl|DQ351535.1_cds_ABC84184.1_1	lcl|NC_086375.1_cds_XP_063426015.1_15699	75.892	925	215	8	147	1067	258	1178	8.44e-130	466
lcl|DQ351535.1_cds_ABC84184.1_1	lcl|NC_086375.1_cds_XP_063426015.1_15699	83.198	494	81	2	1688	2180	1565	2057	2.36e-125	451
lcl|DQ351535.1_cds_ABC84184.1_1	lcl|NC_086375.1_cds_XP_063426015.1_15699	74.607	953	230	12	250	1196	181	1127	1.44e-112	409
lcl|D63777.1_cds_BAA09850.1_1	lcl|NC_086376.1_cds_XP_063433676.1_18417	74.711	2246	449	76	370	2575	565	2731	0.0	891
lcl|D63777.1_cds_BAA09850.1_1	lcl|NC_086376.1_cds_XP_063433676.1_18417	75.446	2016	383	70	370	2365	808	2731	0.0	878
lcl|D63777.1_cds_BAA09850.1_1	lcl|NC_086376.1_cds_XP_063433676.1_18417	74.826	2161	417	77	370	2471	625	2717	0.0	859
lcl|D63777.1_cds_BAA09850.1_1	lcl|NC_086376.1_cds_XP_063433676.1_18417	75.205	1827	374	50	749	2564	332	2090	0.0	791
lcl|D63777.1_cds_BAA09850.1_1	lcl|NC_086376.1_cds_XP_063433676.1_18417	75.479	1619	321	41	1022	2594	335	1923	0.0	721
lcl|D63777.1_cds_BAA09850.1_1	lcl|NC_086376.1_cds_XP_063433676.1_18417	75.015	1641	355	31	929	2564	332	1922	0.0	708
lcl|D63777.1_cds_BAA09850.1_1	lcl|NC_086376.1_cds_XP_063433676.1_18417	75.937	1388	277	29	1109	2469	332	1689	0.0	660
lcl|D63777.1_cds_BAA09850.1_1	lcl|NC_086376.1_cds_XP_063433676.1_18417	75.603	1410	284	40	1199	2594	332	1695	0.0	643
lcl|D63777.1_cds_BAA09850.1_1	lcl|NC_086376.1_cds_XP_063433676.1_18417	75.712	1334	266	42	1289	2594	332	1635	8.98e-175	616
lcl|D63777.1_cds_BAA09850.1_1	lcl|NC_086376.1_cds_XP_063433676.1_18417	75.627	1276	250	39	1349	2595	332	1575	4.24e-163	577
lcl|D63777.1_cds_BAA09850.1_1	lcl|NC_086376.1_cds_XP_063433676.1_18417	76.104	1042	212	23	1562	2595	335	1347	4.36e-143	510
lcl|D63777.1_cds_BAA09850.1_1	lcl|NC_086376.1_cds_XP_063433676.1_18417	76.825	863	177	16	1709	2564	332	1178	3.44e-129	464
lcl|D63777.1_cds_BAA09850.1_1	lcl|NC_086376.1_cds_XP_063433676.1_18417	75.573	1003	202	23	1619	2595	332	1317	2.07e-126	455
lcl|D63777.1_cds_BAA09850.1_1	lcl|NC_086376.1_cds_XP_063433676.1_18417	76.819	811	169	10	1649	2454	332	1128	2.09e-121	438
lcl|D63777.1_cds_BAA09850.1_1	lcl|NC_086376.1_cds_XP_063433676.1_18417	76.129	775	159	18	1829	2594	332	1089	9.92e-105	383
lcl|D63777.1_cds_BAA09850.1_1	lcl|NC_086376.1_cds_XP_063433676.1_18417	75.391	703	141	20	1919	2594	332	1029	4.75e-83	311
lcl|D63777.1_cds_BAA09850.1_1	lcl|NC_086376.1_cds_XP_063433676.1_18417	75.829	633	128	15	1971	2595	354	969	3.70e-79	298
lcl|D63777.1_cds_BAA09850.1_1	lcl|NC_086376.1_cds_XP_063433676.1_18417	76.720	567	105	11	2053	2595	346	909	6.18e-77	291
lcl|XM_052247317.1_cds_XP_052103277.1_1	lcl|NC_086380.1_cds_XP_063396649.1_32928	93.347	496	33	0	1	496	1	496	0.0	734
lcl|KJ946427.1_cds_AIF74564.1_1	lcl|NW_026963303.1_cds_XP_063417926.1_51571	88.167	600	66	4	1	596	259	857	0.0	710
lcl|KJ946426.1_cds_AIF74563.1_1	lcl|NC_086377.1_cds_XP_063438158.1_22677	84.664	476	62	10	1	471	1872	2341	1.07e-129	464
lcl|KJ946425.1_cds_AIF74562.1_1	lcl|NC_086377.1_cds_XP_063437490.1_21517	86.493	844	104	10	7	845	586	1424	0.0	918
lcl|KJ946423.1_cds_AIF74560.1_1	lcl|NW_026963340.1_cds_XP_063419161.1_52799	87.351	925	116	1	1	924	1	925	0.0	1059
lcl|AY521220.1_cds_AAS00463.1_1	lcl|NC_086378.1_cds_XP_063441027.1_26033	94.000	200	12	0	1	200	73	272	6.35e-82	303
lcl|AF489933.1_cds_AAL87249.1_1	lcl|NC_086376.1_cds_XP_063433676.1_18417	95.455	198	9	0	1	198	1	198	2.24e-85	316
lcl|AF489933.1_cds_AAL87249.1_1	lcl|NC_086376.1_cds_XP_063433676.1_18417	84.953	319	40	3	208	525	256	567	2.24e-85	316
lcl|AF489933.1_cds_AAL87249.1_1	lcl|NC_086376.1_cds_XP_063433676.1_18417	81.188	303	55	2	290	591	2381	2682	3.85e-63	243
lcl|AF489933.1_cds_AAL87249.1_1	lcl|NC_086376.1_cds_XP_063433676.1_18417	80.500	200	37	2	342	540	354	552	6.68e-36	152
lcl|D43794.1_cds_BAA07852.1_1	lcl|NC_086377.1_cds_XP_063438787.1_22328	90.794	945	85	2	1	944	1	944	0.0	1262
lcl|D43794.1_cds_BAA07852.1_1	lcl|NC_086377.1_cds_XP_063438787.1_22328	86.226	726	88	7	703	1422	814	1533	0.0	776
