lcl|KY627780.1_cds_AST36139.1_1	MT_Pool_HQ_transcript/264541	85.308	1300	183	5	1	1296	29	1324	0.0	1336
lcl|KY627777.1_cds_AST36136.1_1	MT_Pool_HQ_transcript/361094	88.511	618	59	6	1	612	14	625	0.0	737
lcl|KY627775.1_cds_AST36134.1_1	MT_Pool_HQ_transcript/333797	82.338	770	109	12	1	745	32	799	0.0	643
lcl|KY627774.1_cds_AST36133.1_1	MT_Pool_HQ_transcript/384883	89.807	363	37	0	1	363	14	376	1.03e-129	466
lcl|KY627773.1_cds_AST36132.1_1	MT_Pool_HQ_transcript/389528	87.613	331	32	3	4	325	15	345	1.90e-102	375
lcl|KY627772.1_cds_AST36131.1_1	MT_Pool_HQ_transcript/192046	88.496	2095	197	21	1	2088	13	2070	0.0	2495
lcl|KY627771.1_cds_AST36130.1_1	MT_Pool_HQ_transcript/269521	83.899	1503	162	37	1	1490	15	1450	0.0	1362
lcl|KY627770.1_cds_AST36129.1_1	MT_Pool_HQ_transcript/386221	85.450	378	37	9	1	378	28	387	5.20e-103	377
lcl|KY627769.1_cds_AST36128.1_1	MT_Pool_HQ_transcript/287959	84.018	901	128	11	1	896	15	904	0.0	852
lcl|KY627769.1_cds_AST36128.1_1	MT_Pool_HQ_transcript/287959	83.849	582	84	8	381	960	653	1226	3.57e-153	545
lcl|KY627768.1_cds_AST36127.1_1	MT_Pool_HQ_transcript/386221	84.910	391	24	8	1	387	28	387	1.49e-98	363
lcl|KY627765.1_cds_AST36124.1_1	MT_Pool_HQ_transcript/396003	82.812	128	13	2	1	119	59	186	1.18e-21	106
lcl|AY845259.1_cds_AAX23969.1_1	MT_Pool_HQ_transcript/356647	77.454	377	71	10	1	364	336	711	1.55e-53	213
lcl|AY845259.1_cds_AAX23969.1_1	MT_Pool_HQ_transcript/356647	82.083	240	43	0	2	241	367	606	2.60e-51	206
lcl|AY845259.1_cds_AAX23969.1_1	MT_Pool_HQ_transcript/356647	76.986	365	70	7	1	364	90	441	1.56e-48	196
lcl|AY845259.1_cds_AAX23969.1_1	MT_Pool_HQ_transcript/356647	83.333	210	33	2	1	209	486	694	2.02e-47	193
lcl|AY845259.1_cds_AAX23969.1_1	MT_Pool_HQ_transcript/356647	87.879	132	16	0	1	132	576	707	2.65e-36	156
lcl|AY845259.1_cds_AAX23969.1_1	MT_Pool_HQ_transcript/356647	74.937	395	67	15	1	364	198	591	3.43e-35	152
lcl|AY845259.1_cds_AAX23969.1_1	MT_Pool_HQ_transcript/356647	79.253	241	30	11	1	222	30	269	1.23e-34	150
lcl|AY845259.1_cds_AAX23969.1_1	MT_Pool_HQ_transcript/356647	89.908	109	10	1	1	109	606	713	2.67e-31	139
lcl|AY845262.1_cds_AAX23972.1_1	MT_Pool_HQ_transcript/264541	90.853	1301	103	8	1	1290	29	1324	0.0	1729
lcl|AY845261.1_cds_AAX23971.1_1	MT_Pool_HQ_transcript/264103	91.141	1411	106	10	1	1401	29	1430	0.0	1895
lcl|AY845260.1_cds_AAX23970.1_1	MT_Pool_HQ_transcript/247340	91.387	1521	113	12	1	1515	29	1537	0.0	2067
lcl|AY845260.1_cds_AAX23970.1_1	MT_Pool_HQ_transcript/247340	86.134	238	27	4	699	935	836	1068	1.39e-64	252
lcl|AY845260.1_cds_AAX23970.1_1	MT_Pool_HQ_transcript/247340	81.356	295	52	3	851	1145	768	1059	3.89e-60	237
lcl|AY845258.1_cds_AAX23968.1_1	MT_Pool_HQ_transcript/235211	81.479	1258	153	23	478	1695	358	1575	0.0	959
lcl|AY845258.1_cds_AAX23968.1_1	MT_Pool_HQ_transcript/235211	80.392	1377	170	34	344	1667	164	1493	0.0	955
lcl|AY845258.1_cds_AAX23968.1_1	MT_Pool_HQ_transcript/235211	81.728	1215	138	26	478	1638	220	1404	0.0	937
lcl|AY845258.1_cds_AAX23968.1_1	MT_Pool_HQ_transcript/235211	80.208	1349	173	21	349	1638	1	1314	0.0	926
lcl|AY845258.1_cds_AAX23968.1_1	MT_Pool_HQ_transcript/235211	81.029	1244	146	30	481	1667	103	1313	0.0	907
lcl|AY845258.1_cds_AAX23968.1_1	MT_Pool_HQ_transcript/235211	79.539	1388	176	43	344	1689	164	1485	0.0	891
lcl|AY845258.1_cds_AAX23968.1_1	MT_Pool_HQ_transcript/235211	79.236	1387	196	50	349	1698	307	1638	0.0	881
lcl|AY845258.1_cds_AAX23968.1_1	MT_Pool_HQ_transcript/235211	81.604	1147	127	21	531	1623	15	1131	0.0	872
lcl|AY845258.1_cds_AAX23968.1_1	MT_Pool_HQ_transcript/235211	80.835	1174	166	30	344	1497	482	1616	0.0	867
lcl|AY845258.1_cds_AAX23968.1_1	MT_Pool_HQ_transcript/235211	80.211	1233	152	31	487	1667	1	1193	0.0	841
lcl|AY845258.1_cds_AAX23968.1_1	MT_Pool_HQ_transcript/235211	80.321	1184	171	28	344	1520	482	1610	0.0	839
lcl|AY845258.1_cds_AAX23968.1_1	MT_Pool_HQ_transcript/235211	81.767	1075	120	26	652	1667	58	1115	0.0	830
lcl|AY845258.1_cds_AAX23968.1_1	MT_Pool_HQ_transcript/235211	83.262	932	114	17	763	1667	1	917	0.0	819
lcl|AY845258.1_cds_AAX23968.1_1	MT_Pool_HQ_transcript/235211	82.805	977	108	12	727	1667	25	977	0.0	819
lcl|AY845258.1_cds_AAX23968.1_1	MT_Pool_HQ_transcript/235211	79.473	1252	149	39	344	1580	452	1610	0.0	789
lcl|AY845258.1_cds_AAX23968.1_1	MT_Pool_HQ_transcript/235211	80.878	1093	115	31	643	1667	19	1085	0.0	774
lcl|AY845258.1_cds_AAX23968.1_1	MT_Pool_HQ_transcript/235211	83.636	880	82	26	478	1317	736	1593	0.0	771
lcl|AY845258.1_cds_AAX23968.1_1	MT_Pool_HQ_transcript/235211	81.263	966	131	19	733	1667	1	947	0.0	736
lcl|AY845258.1_cds_AAX23968.1_1	MT_Pool_HQ_transcript/235211	81.044	881	103	18	478	1302	676	1548	0.0	643
lcl|AY845258.1_cds_AAX23968.1_1	MT_Pool_HQ_transcript/235211	81.221	852	108	17	478	1306	706	1528	0.0	640
lcl|AY845258.1_cds_AAX23968.1_1	MT_Pool_HQ_transcript/235211	81.608	821	85	17	901	1667	1	809	3.72e-175	619
lcl|AY845258.1_cds_AAX23968.1_1	MT_Pool_HQ_transcript/235211	81.781	741	97	15	478	1184	874	1610	3.77e-165	586
lcl|AY845258.1_cds_AAX23968.1_1	MT_Pool_HQ_transcript/235211	80.023	861	106	21	793	1623	1	825	2.27e-162	577
lcl|AY845258.1_cds_AAX23968.1_1	MT_Pool_HQ_transcript/235211	82.446	695	78	20	643	1306	931	1612	1.37e-159	568
lcl|AY845258.1_cds_AAX23968.1_1	MT_Pool_HQ_transcript/235211	84.237	590	77	5	1003	1578	25	612	2.28e-157	560
lcl|AY845258.1_cds_AAX23968.1_1	MT_Pool_HQ_transcript/235211	78.396	935	140	22	344	1232	710	1628	1.38e-154	551
lcl|AY845258.1_cds_AAX23968.1_1	MT_Pool_HQ_transcript/235211	78.220	955	134	25	344	1276	710	1612	2.30e-152	544
lcl|AY845258.1_cds_AAX23968.1_1	MT_Pool_HQ_transcript/235211	77.710	978	128	28	344	1276	680	1612	5.02e-144	516
lcl|AY845258.1_cds_AAX23968.1_1	MT_Pool_HQ_transcript/235211	82.160	611	79	5	1087	1667	1	611	1.82e-138	497
lcl|AY845258.1_cds_AAX23968.1_1	MT_Pool_HQ_transcript/235211	78.906	768	122	19	346	1078	850	1612	1.41e-134	484
lcl|AY845258.1_cds_AAX23968.1_1	MT_Pool_HQ_transcript/235211	80.029	681	98	17	344	996	878	1548	3.96e-130	470
lcl|AY845258.1_cds_AAX23968.1_1	MT_Pool_HQ_transcript/235211	81.260	603	83	11	1087	1673	1	589	2.38e-127	460
lcl|AY845258.1_cds_AAX23968.1_1	MT_Pool_HQ_transcript/235211	83.117	462	50	9	643	1078	1069	1528	6.82e-108	396
lcl|AY845258.1_cds_AAX23968.1_1	MT_Pool_HQ_transcript/235211	79.695	591	84	8	1117	1673	1	589	2.45e-107	394
lcl|AY845258.1_cds_AAX23968.1_1	MT_Pool_HQ_transcript/235211	81.646	474	61	8	1207	1667	1	461	4.13e-100	370
lcl|AY845258.1_cds_AAX23968.1_1	MT_Pool_HQ_transcript/235211	79.357	591	68	14	511	1074	985	1548	5.35e-99	366
lcl|AY845258.1_cds_AAX23968.1_1	MT_Pool_HQ_transcript/235211	77.469	648	94	28	349	970	991	1612	3.24e-91	340
lcl|AY845258.1_cds_AAX23968.1_1	MT_Pool_HQ_transcript/235211	79.208	505	77	9	1177	1667	1	491	9.07e-87	326
lcl|AY845258.1_cds_AAX23968.1_1	MT_Pool_HQ_transcript/235211	81.771	384	36	14	643	1000	1237	1612	3.31e-76	291
lcl|AY845258.1_cds_AAX23968.1_1	MT_Pool_HQ_transcript/235211	76.481	540	91	16	346	858	1018	1548	2.59e-67	261
lcl|AY845258.1_cds_AAX23968.1_1	MT_Pool_HQ_transcript/235211	79.422	277	43	6	1309	1578	25	294	5.78e-44	183
lcl|AY845258.1_cds_AAX23968.1_1	MT_Pool_HQ_transcript/235211	75.787	413	62	21	478	862	1210	1612	3.48e-41	174
lcl|AY845258.1_cds_AAX23968.1_1	MT_Pool_HQ_transcript/235211	74.213	508	83	31	349	832	1129	1612	1.62e-39	169
lcl|GU321219.1_cds_ADB79757.1_1	MT_Pool_HQ_transcript/380783	80.362	387	58	11	1	372	9	392	5.33e-73	278
lcl|GU321218.1_cds_ADB79756.1_1	MT_Pool_HQ_transcript/380783	81.088	386	57	9	1	372	9	392	5.29e-78	294
lcl|GU321217.1_cds_ADB79755.1_1	MT_Pool_HQ_transcript/380783	80.829	386	58	9	1	372	9	392	2.46e-76	289
lcl|GU321216.1_cds_ADB79754.1_1	MT_Pool_HQ_transcript/380783	81.395	387	54	11	1	372	9	392	1.14e-79	300
lcl|GU321215.1_cds_ADB79753.1_1	MT_Pool_HQ_transcript/380783	81.579	380	50	14	1	364	9	384	1.47e-78	296
lcl|GU321214.1_cds_ADB79752.1_1	MT_Pool_HQ_transcript/380783	80.570	386	59	10	1	372	9	392	1.15e-74	283
lcl|GU321211.1_cds_ADB79749.1_1	MT_Pool_HQ_transcript/394409	82.432	222	28	7	11	230	56	268	7.28e-45	183
lcl|GU321206.1_cds_ADB79744.1_1	MT_Pool_HQ_transcript/394409	81.982	222	29	7	11	230	56	268	3.39e-43	178
lcl|GU321205.1_cds_ADB79743.1_1	MT_Pool_HQ_transcript/394409	84.018	219	27	7	11	227	56	268	5.51e-51	204
lcl|GU321202.1_cds_ADB79740.1_1	MT_Pool_HQ_transcript/393860	87.097	93	12	0	1	93	52	144	1.34e-21	106
lcl|AY960602.1_cds_AAY29132.1_1	MT_Pool_HQ_transcript/111565	76.456	1992	344	55	1	1936	20	1942	0.0	965
lcl|AY960602.1_cds_AAY29132.1_1	MT_Pool_HQ_transcript/111565	75.843	1631	319	46	394	1994	356	1941	0.0	760
lcl|AY960602.1_cds_AAY29132.1_1	MT_Pool_HQ_transcript/111565	75.851	1586	318	38	419	1994	351	1881	0.0	747
lcl|AY960602.1_cds_AAY29132.1_1	MT_Pool_HQ_transcript/111565	76.555	1399	279	20	479	1854	351	1723	0.0	721
lcl|AY960602.1_cds_AAY29132.1_1	MT_Pool_HQ_transcript/111565	76.525	1393	260	41	539	1899	351	1708	0.0	699
lcl|AY960602.1_cds_AAY29132.1_1	MT_Pool_HQ_transcript/111565	76.235	1376	274	34	599	1964	351	1683	0.0	680
lcl|AY960602.1_cds_AAY29132.1_1	MT_Pool_HQ_transcript/111565	76.134	1345	270	28	659	1994	351	1653	0.0	658
lcl|AY960602.1_cds_AAY29132.1_1	MT_Pool_HQ_transcript/111565	75.667	1274	253	37	749	1995	351	1594	5.81e-164	582
lcl|AY960602.1_cds_AAY29132.1_1	MT_Pool_HQ_transcript/111565	76.570	1067	211	22	842	1899	354	1390	5.89e-154	549
lcl|AY960602.1_cds_AAY29132.1_1	MT_Pool_HQ_transcript/111565	76.579	760	151	16	1259	1994	351	1107	1.05e-106	392
lcl|AY960602.1_cds_AAY29132.1_1	MT_Pool_HQ_transcript/111565	76.037	651	133	14	1352	1995	354	988	6.50e-84	316
lcl|AY960601.1_cds_AAY29131.1_1	MT_Pool_HQ_transcript/111565	76.487	2186	376	68	1	2144	20	2109	0.0	1062
lcl|AY960601.1_cds_AAY29131.1_1	MT_Pool_HQ_transcript/111565	76.829	1627	293	43	539	2116	351	1942	0.0	839
lcl|AY960601.1_cds_AAY29131.1_1	MT_Pool_HQ_transcript/111565	76.626	1630	308	41	479	2079	351	1936	0.0	832
lcl|AY960601.1_cds_AAY29131.1_1	MT_Pool_HQ_transcript/111565	75.725	1586	320	43	599	2174	351	1881	0.0	736
lcl|AY960601.1_cds_AAY29131.1_1	MT_Pool_HQ_transcript/111565	76.571	1400	277	22	659	2034	351	1723	0.0	721
lcl|AY960601.1_cds_AAY29131.1_1	MT_Pool_HQ_transcript/111565	76.492	1391	264	33	719	2079	351	1708	0.0	699
lcl|AY960601.1_cds_AAY29131.1_1	MT_Pool_HQ_transcript/111565	76.235	1376	274	34	779	2144	351	1683	0.0	680
lcl|AY960601.1_cds_AAY29131.1_1	MT_Pool_HQ_transcript/111565	76.059	1345	271	28	839	2174	351	1653	0.0	652
lcl|AY960601.1_cds_AAY29131.1_1	MT_Pool_HQ_transcript/111565	75.667	1274	253	37	929	2175	351	1594	6.33e-164	582
lcl|AY960601.1_cds_AAY29131.1_1	MT_Pool_HQ_transcript/111565	76.570	1067	211	22	1022	2079	354	1390	6.42e-154	549
lcl|AY960601.1_cds_AAY29131.1_1	MT_Pool_HQ_transcript/111565	76.579	760	151	16	1439	2174	351	1107	1.15e-106	392
lcl|AY960601.1_cds_AAY29131.1_1	MT_Pool_HQ_transcript/111565	76.037	651	133	14	1532	2175	354	988	7.09e-84	316
lcl|AY960611.1_cds_AAY29128.1_1	MT_Pool_HQ_transcript/212441	82.906	234	31	8	1	234	52	276	2.01e-50	202
lcl|AY960609.1_cds_AAY29126.1_1	MT_Pool_HQ_transcript/212441	85.022	227	25	6	1	227	52	269	1.54e-56	222
lcl|DQ165555.2_cds_AAZ94728.1_1	MT_Pool_HQ_transcript/394409	82.126	207	27	6	1	207	48	244	1.78e-40	169
lcl|DQ165554.2_cds_AAZ94727.1_1	MT_Pool_HQ_transcript/394409	82.609	207	26	7	1	207	48	244	3.82e-42	174
lcl|D63778.1_cds_BAA09851.1_1	MT_Pool_HQ_transcript/87677	83.759	1958	219	26	208	2099	277	2201	0.0	1762
lcl|D63778.1_cds_BAA09851.1_1	MT_Pool_HQ_transcript/87677	83.097	1976	230	37	303	2253	777	2673	0.0	1703
lcl|D63778.1_cds_BAA09851.1_1	MT_Pool_HQ_transcript/87677	83.854	1858	209	35	290	2097	413	2229	0.0	1685
lcl|D63778.1_cds_BAA09851.1_1	MT_Pool_HQ_transcript/87677	82.929	1939	248	27	295	2202	586	2472	0.0	1670
lcl|D63778.1_cds_BAA09851.1_1	MT_Pool_HQ_transcript/87677	84.075	1752	206	27	380	2099	353	2063	0.0	1622
lcl|D63778.1_cds_BAA09851.1_1	MT_Pool_HQ_transcript/87677	82.447	1937	232	34	290	2202	854	2706	0.0	1594
lcl|D63778.1_cds_BAA09851.1_1	MT_Pool_HQ_transcript/87677	84.248	1695	190	29	454	2099	367	2033	0.0	1580
lcl|D63778.1_cds_BAA09851.1_1	MT_Pool_HQ_transcript/87677	82.529	1906	222	44	342	2202	375	2214	0.0	1572
lcl|D63778.1_cds_BAA09851.1_1	MT_Pool_HQ_transcript/87677	82.491	1879	242	28	342	2187	603	2427	0.0	1567
lcl|D63778.1_cds_BAA09851.1_1	MT_Pool_HQ_transcript/87677	85.143	1575	183	19	625	2187	388	1923	0.0	1565
lcl|D63778.1_cds_BAA09851.1_1	MT_Pool_HQ_transcript/87677	82.883	1852	206	41	295	2121	949	2714	0.0	1561
lcl|D63778.1_cds_BAA09851.1_1	MT_Pool_HQ_transcript/87677	82.313	1894	231	32	290	2176	914	2710	0.0	1546
lcl|D63778.1_cds_BAA09851.1_1	MT_Pool_HQ_transcript/87677	83.039	1757	211	32	470	2202	353	2046	0.0	1513
lcl|D63778.1_cds_BAA09851.1_1	MT_Pool_HQ_transcript/87677	84.635	1562	185	17	670	2202	373	1908	0.0	1504
lcl|D63778.1_cds_BAA09851.1_1	MT_Pool_HQ_transcript/87677	84.447	1556	183	24	560	2099	353	1865	0.0	1478
lcl|D63778.1_cds_BAA09851.1_1	MT_Pool_HQ_transcript/87677	86.657	1379	127	8	710	2067	353	1695	0.0	1474
lcl|D63778.1_cds_BAA09851.1_1	MT_Pool_HQ_transcript/87677	83.056	1682	205	30	290	1967	1004	2609	0.0	1454
lcl|D63778.1_cds_BAA09851.1_1	MT_Pool_HQ_transcript/87677	86.766	1345	121	12	774	2097	387	1695	0.0	1445
lcl|D63778.1_cds_BAA09851.1_1	MT_Pool_HQ_transcript/87677	82.843	1667	210	18	290	1954	1034	2626	0.0	1424
lcl|D63778.1_cds_BAA09851.1_1	MT_Pool_HQ_transcript/87677	85.427	1393	148	20	800	2187	353	1695	0.0	1397
lcl|D63778.1_cds_BAA09851.1_1	MT_Pool_HQ_transcript/87677	83.218	1585	182	27	379	1954	1201	2710	0.0	1376
lcl|D63778.1_cds_BAA09851.1_1	MT_Pool_HQ_transcript/87677	82.266	1686	205	33	290	1967	1094	2693	0.0	1371
lcl|D63778.1_cds_BAA09851.1_1	MT_Pool_HQ_transcript/87677	85.229	1354	163	12	860	2202	353	1680	0.0	1358
lcl|D63778.1_cds_BAA09851.1_1	MT_Pool_HQ_transcript/87677	85.477	1322	159	8	890	2202	353	1650	0.0	1347
lcl|D63778.1_cds_BAA09851.1_1	MT_Pool_HQ_transcript/87677	82.743	1582	195	32	349	1924	1201	2710	0.0	1338
lcl|D63778.1_cds_BAA09851.1_1	MT_Pool_HQ_transcript/87677	82.308	1577	199	35	295	1864	1207	2710	0.0	1293
lcl|D63778.1_cds_BAA09851.1_1	MT_Pool_HQ_transcript/87677	85.413	1282	144	15	950	2202	353	1620	0.0	1291
lcl|D63778.1_cds_BAA09851.1_1	MT_Pool_HQ_transcript/87677	81.959	1552	200	29	290	1834	1232	2710	0.0	1242
lcl|D63778.1_cds_BAA09851.1_1	MT_Pool_HQ_transcript/87677	87.630	1059	109	5	1100	2149	353	1398	0.0	1210
lcl|D63778.1_cds_BAA09851.1_1	MT_Pool_HQ_transcript/87677	84.887	1244	131	15	980	2202	353	1560	0.0	1203
lcl|D63778.1_cds_BAA09851.1_1	MT_Pool_HQ_transcript/87677	85.284	1196	125	15	1010	2202	353	1500	0.0	1186
lcl|D63778.1_cds_BAA09851.1_1	MT_Pool_HQ_transcript/87677	86.583	1036	114	6	1075	2099	358	1379	0.0	1120
lcl|D63778.1_cds_BAA09851.1_1	MT_Pool_HQ_transcript/87677	85.970	1062	128	5	1135	2187	358	1407	0.0	1116
lcl|D63778.1_cds_BAA09851.1_1	MT_Pool_HQ_transcript/87677	82.222	1350	170	32	343	1684	1423	2710	0.0	1099
lcl|D63778.1_cds_BAA09851.1_1	MT_Pool_HQ_transcript/87677	81.560	1372	187	29	349	1714	1399	2710	0.0	1072
lcl|D63778.1_cds_BAA09851.1_1	MT_Pool_HQ_transcript/87677	81.400	1371	179	31	295	1654	1405	2710	0.0	1050
lcl|D63778.1_cds_BAA09851.1_1	MT_Pool_HQ_transcript/87677	84.725	1054	136	9	1160	2202	353	1392	0.0	1031
lcl|D63778.1_cds_BAA09851.1_1	MT_Pool_HQ_transcript/87677	85.630	1016	107	10	1190	2202	353	1332	0.0	1031
lcl|D63778.1_cds_BAA09851.1_1	MT_Pool_HQ_transcript/87677	87.855	881	80	3	1220	2097	353	1209	0.0	1009
lcl|D63778.1_cds_BAA09851.1_1	MT_Pool_HQ_transcript/87677	80.307	1305	173	41	290	1564	1460	2710	0.0	909
lcl|D63778.1_cds_BAA09851.1_1	MT_Pool_HQ_transcript/87677	85.520	884	95	13	1310	2187	353	1209	0.0	893
lcl|D63778.1_cds_BAA09851.1_1	MT_Pool_HQ_transcript/87677	86.634	823	83	4	1280	2099	353	1151	0.0	885
lcl|D63778.1_cds_BAA09851.1_1	MT_Pool_HQ_transcript/87677	85.885	836	91	6	1370	2202	353	1164	0.0	865
lcl|D63778.1_cds_BAA09851.1_1	MT_Pool_HQ_transcript/87677	80.344	1221	174	32	290	1504	1550	2710	0.0	865
lcl|D63778.1_cds_BAA09851.1_1	MT_Pool_HQ_transcript/87677	85.029	855	97	8	1340	2189	353	1181	0.0	841
lcl|D63778.1_cds_BAA09851.1_1	MT_Pool_HQ_transcript/87677	84.962	798	93	3	1400	2194	353	1126	0.0	784
lcl|D63778.1_cds_BAA09851.1_1	MT_Pool_HQ_transcript/87677	84.564	745	88	4	1461	2202	354	1074	0.0	713
lcl|D63778.1_cds_BAA09851.1_1	MT_Pool_HQ_transcript/87677	79.278	1052	158	30	342	1384	1710	2710	0.0	680
lcl|D63778.1_cds_BAA09851.1_1	MT_Pool_HQ_transcript/87677	84.334	683	86	5	1520	2202	353	1014	0.0	649
lcl|D63778.1_cds_BAA09851.1_1	MT_Pool_HQ_transcript/87677	78.351	1067	175	31	295	1354	1693	2710	0.0	640
lcl|D63778.1_cds_BAA09851.1_1	MT_Pool_HQ_transcript/87677	84.122	655	79	10	1550	2202	353	984	2.98e-172	610
lcl|D63778.1_cds_BAA09851.1_1	MT_Pool_HQ_transcript/87677	78.085	1013	164	32	290	1294	1748	2710	1.40e-165	588
lcl|D63778.1_cds_BAA09851.1_1	MT_Pool_HQ_transcript/87677	77.699	982	163	25	290	1264	1778	2710	6.59e-154	549
lcl|D63778.1_cds_BAA09851.1_1	MT_Pool_HQ_transcript/87677	82.975	605	70	7	1610	2193	353	945	6.69e-144	516
lcl|D63778.1_cds_BAA09851.1_1	MT_Pool_HQ_transcript/87677	83.245	567	66	5	1640	2202	353	894	3.13e-137	494
lcl|D63778.1_cds_BAA09851.1_1	MT_Pool_HQ_transcript/87677	84.647	482	65	3	1730	2202	353	834	1.47e-130	472
lcl|D63778.1_cds_BAA09851.1_1	MT_Pool_HQ_transcript/87677	77.889	796	136	21	292	1082	1948	2708	1.14e-126	459
lcl|D63778.1_cds_BAA09851.1_1	MT_Pool_HQ_transcript/87677	77.458	834	142	24	349	1174	1915	2710	4.11e-126	457
lcl|D63778.1_cds_BAA09851.1_1	MT_Pool_HQ_transcript/87677	77.365	835	143	26	318	1144	1914	2710	5.32e-125	453
lcl|D63778.1_cds_BAA09851.1_1	MT_Pool_HQ_transcript/87677	80.594	505	79	11	1760	2247	353	855	1.53e-100	372
lcl|D63778.1_cds_BAA09851.1_1	MT_Pool_HQ_transcript/87677	94.949	198	10	0	1	198	22	219	3.39e-82	311
lcl|D63778.1_cds_BAA09851.1_1	MT_Pool_HQ_transcript/87677	75.753	664	131	18	349	1006	2083	2722	4.38e-81	307
lcl|D63778.1_cds_BAA09851.1_1	MT_Pool_HQ_transcript/87677	78.886	431	61	8	1790	2202	353	771	2.67e-68	265
lcl|D63778.1_cds_BAA09851.1_1	MT_Pool_HQ_transcript/87677	79.730	222	43	2	1982	2202	353	573	1.30e-36	159
lcl|AB049580.1_cds_BAB16315.1_1	MT_Pool_HQ_transcript/389098	89.496	238	15	5	1	232	55	288	1.14e-77	292
lcl|AB049579.1_cds_BAB16314.1_1	MT_Pool_HQ_transcript/212441	84.932	219	15	3	1	201	1684	1902	1.38e-51	206
lcl|DQ351537.1_cds_ABC84186.1_1	MT_Pool_HQ_transcript/380783	76.031	388	67	18	1	366	9	392	5.47e-43	178
lcl|GQ281053.2_cds_ACT66141.2_1	MT_Pool_HQ_transcript/385455	79.927	274	38	10	18	275	10	282	2.69e-45	185
lcl|KX268645.1_cds_ANN45959.1_1	MT_Pool_HQ_transcript/179845	91.791	2083	165	4	23	2100	1	2082	0.0	2894
lcl|KX268644.1_cds_ANN45958.1_1	MT_Pool_HQ_transcript/72975	88.545	3003	329	15	1319	4314	1	2995	0.0	3626
lcl|KX268643.1_cds_ANN45957.1_1	MT_Pool_HQ_transcript/241397	90.166	1749	164	8	434	2178	1	1745	0.0	2270
lcl|KX268642.1_cds_ANN45956.1_1	MT_Pool_HQ_transcript/141121	84.512	2234	295	32	1	2217	63	2262	0.0	2161
lcl|KX268641.1_cds_ANN45955.1_1	MT_Pool_HQ_transcript/186160	90.326	2150	201	7	1	2145	48	2195	0.0	2811
lcl|KX268640.1_cds_ANN45954.1_1	MT_Pool_HQ_transcript/350759	85.948	612	79	6	1	610	36	642	0.0	647
lcl|KX268639.1_cds_ANN45953.1_1	MT_Pool_HQ_transcript/69454	94.581	1993	91	9	1	1977	19	2010	0.0	3066
lcl|KX268638.1_cds_ANN45952.1_1	MT_Pool_HQ_transcript/287842	88.292	1042	122	0	1	1042	102	1143	0.0	1249
lcl|KX268637.1_cds_ANN45951.1_1	MT_Pool_HQ_transcript/328640	82.982	711	104	9	1	710	57	751	9.09e-178	627
lcl|KX268636.1_cds_ANN45950.1_1	MT_Pool_HQ_transcript/122616	93.562	963	59	1	1	963	66	1025	0.0	1432
lcl|KX268635.1_cds_ANN45949.1_1	MT_Pool_HQ_transcript/129963	88.870	2372	237	15	1	2350	181	2547	0.0	2892
lcl|KJ946424.1_cds_AIF74561.1_1	MT_Pool_HQ_transcript/372626	86.216	399	46	7	1	393	54	449	6.96e-117	424
lcl|AF286157.1_cds_AAF89299.1_1	MT_Pool_HQ_transcript/393594	89.831	177	15	1	1	174	54	230	3.92e-57	224
lcl|AF286156.1_cds_AAF89298.1_1	MT_Pool_HQ_transcript/212441	91.667	168	14	0	1	168	1684	1851	6.51e-60	233
lcl|AF286155.1_cds_AAF89297.1_1	MT_Pool_HQ_transcript/393594	87.571	177	19	1	1	174	54	230	1.84e-50	202
lcl|AF286154.1_cds_AAF89296.1_1	MT_Pool_HQ_transcript/212441	92.593	162	12	0	1	162	1684	1845	6.51e-60	233
lcl|AF286153.1_cds_AAF89295.1_1	MT_Pool_HQ_transcript/393594	88.333	180	15	2	1	177	54	230	3.10e-53	211
lcl|AF286152.1_cds_AAF89294.1_1	MT_Pool_HQ_transcript/212441	91.561	237	20	0	1	237	1684	1920	3.18e-88	327
lcl|AF286151.1_cds_AAF89293.1_1	MT_Pool_HQ_transcript/393594	89.266	177	16	1	1	174	54	230	1.71e-55	219
lcl|AF286150.1_cds_AAF89292.1_1	MT_Pool_HQ_transcript/212441	95.238	168	8	0	1	168	1684	1851	6.42e-70	267
lcl|AF286149.1_cds_AAF89291.1_1	MT_Pool_HQ_transcript/212441	92.857	168	12	0	1	168	1684	1851	3.01e-63	244
lcl|AF286148.1_cds_AAF89290.1_1	MT_Pool_HQ_transcript/212441	94.643	168	9	0	1	168	1684	1851	2.99e-68	261
lcl|AF286147.1_cds_AAF89289.1_1	MT_Pool_HQ_transcript/212441	91.667	168	14	0	1	168	1684	1851	6.51e-60	233
lcl|AF286146.1_cds_AAF89288.1_1	MT_Pool_HQ_transcript/393594	89.831	177	15	1	1	174	54	230	3.68e-57	224
lcl|AF286145.1_cds_AAF89287.1_1	MT_Pool_HQ_transcript/393594	90.395	177	14	1	1	174	54	230	7.90e-59	230
lcl|AF286144.1_cds_AAF89286.1_1	MT_Pool_HQ_transcript/393594	90.395	177	14	1	1	174	54	230	7.90e-59	230
lcl|AF286143.1_cds_AAF89285.1_1	MT_Pool_HQ_transcript/393594	89.831	177	15	1	1	174	54	230	3.68e-57	224
lcl|AF286142.1_cds_AAF89284.1_1	MT_Pool_HQ_transcript/393594	88.701	177	17	1	1	174	54	230	7.96e-54	213
lcl|AF286141.1_cds_AAF89283.1_1	MT_Pool_HQ_transcript/393594	89.266	177	16	1	1	174	54	230	1.82e-55	219
lcl|AF286140.1_cds_AAF89282.1_1	MT_Pool_HQ_transcript/212441	92.405	237	18	0	1	237	1684	1920	1.47e-91	339
lcl|AF286139.1_cds_AAF89281.1_1	MT_Pool_HQ_transcript/212441	91.983	237	19	0	1	237	1684	1920	6.83e-90	333
lcl|AF286138.1_cds_AAF89280.1_1	MT_Pool_HQ_transcript/393594	89.831	177	15	1	1	174	54	230	3.92e-57	224
lcl|AF286137.1_cds_AAF89279.1_1	MT_Pool_HQ_transcript/212441	92.405	237	18	0	1	237	1684	1920	1.47e-91	339
lcl|AF286136.1_cds_AAF89278.1_1	MT_Pool_HQ_transcript/212441	94.643	168	9	0	1	168	1684	1851	2.99e-68	261
lcl|DQ351536.1_cds_ABC84185.1_1	MT_Pool_HQ_transcript/60861	80.083	1446	280	8	147	1588	954	2395	0.0	1068
lcl|DQ351536.1_cds_ABC84185.1_1	MT_Pool_HQ_transcript/60861	77.944	1138	241	10	147	1279	924	2056	0.0	702
lcl|DQ351536.1_cds_ABC84185.1_1	MT_Pool_HQ_transcript/60861	77.163	832	182	8	476	1303	923	1750	3.41e-132	477
lcl|DQ351536.1_cds_ABC84185.1_1	MT_Pool_HQ_transcript/60861	76.358	681	155	6	596	1273	923	1600	3.58e-97	361
lcl|DQ351535.1_cds_ABC84184.1_1	MT_Pool_HQ_transcript/60861	81.173	1296	236	8	177	1468	1104	2395	0.0	1035
lcl|DQ351535.1_cds_ABC84184.1_1	MT_Pool_HQ_transcript/60861	77.996	1018	214	9	147	1159	1044	2056	2.35e-178	630
lcl|DQ351535.1_cds_ABC84184.1_1	MT_Pool_HQ_transcript/60861	77.284	832	181	8	356	1183	923	1750	6.96e-134	483
lcl|DQ351535.1_cds_ABC84184.1_1	MT_Pool_HQ_transcript/60861	76.358	681	155	6	476	1153	923	1600	3.40e-97	361
lcl|D63777.1_cds_BAA09850.1_1	MT_Pool_HQ_transcript/146366	74.789	2249	445	74	370	2575	83	2252	0.0	900
lcl|D63777.1_cds_BAA09850.1_1	MT_Pool_HQ_transcript/146366	74.895	2135	408	71	370	2443	173	2240	0.0	856
lcl|D63777.1_cds_BAA09850.1_1	MT_Pool_HQ_transcript/146366	75.024	2058	384	75	370	2365	263	2252	0.0	833
lcl|D63777.1_cds_BAA09850.1_1	MT_Pool_HQ_transcript/146366	75.372	1478	303	33	1068	2536	19	1444	0.0	656
lcl|D63777.1_cds_BAA09850.1_1	MT_Pool_HQ_transcript/146366	76.239	1271	245	33	1338	2594	19	1246	1.60e-175	621
lcl|D63777.1_cds_BAA09850.1_1	MT_Pool_HQ_transcript/146366	76.183	1247	241	35	1221	2454	22	1225	4.49e-171	606
lcl|D63777.1_cds_BAA09850.1_1	MT_Pool_HQ_transcript/146366	75.197	1270	254	31	1261	2499	1	1240	3.57e-152	544
lcl|D63777.1_cds_BAA09850.1_1	MT_Pool_HQ_transcript/146366	74.566	1152	235	40	1458	2595	19	1126	2.22e-124	451
lcl|D63777.1_cds_BAA09850.1_1	MT_Pool_HQ_transcript/146366	75.446	729	152	21	1877	2594	18	730	1.09e-87	329
lcl|D63777.1_cds_BAA09850.1_1	MT_Pool_HQ_transcript/146366	75.071	706	152	18	1758	2454	19	709	5.10e-81	307
lcl|D63777.1_cds_BAA09850.1_1	MT_Pool_HQ_transcript/146366	74.809	655	158	6	1888	2536	77	730	1.85e-75	289
lcl|D63777.1_cds_BAA09850.1_1	MT_Pool_HQ_transcript/146366	76.893	515	110	7	2088	2594	97	610	8.59e-74	283
lcl|D63777.1_cds_BAA09850.1_1	MT_Pool_HQ_transcript/146366	76.310	477	102	9	2127	2594	76	550	4.05e-62	244
lcl|D63777.1_cds_BAA09850.1_1	MT_Pool_HQ_transcript/146366	75.565	487	95	14	2118	2595	19	490	2.46e-54	219
lcl|XM_052247317.1_cds_XP_052103277.1_1	MT_Pool_HQ_transcript/279160	93.347	496	33	0	1	496	97	592	0.0	734
lcl|KJ946427.1_cds_AIF74564.1_1	MT_Pool_HQ_transcript/337319	87.399	619	73	5	1	615	118	735	0.0	706
lcl|KJ946426.1_cds_AIF74563.1_1	MT_Pool_HQ_transcript/269866	82.047	596	71	24	1	588	653	1220	4.11e-132	475
lcl|KJ946425.1_cds_AIF74562.1_1	MT_Pool_HQ_transcript/307295	86.730	844	102	10	7	845	175	1013	0.0	929
lcl|KJ946423.1_cds_AIF74560.1_1	MT_Pool_HQ_transcript/287842	88.216	925	108	1	1	924	102	1026	0.0	1103
lcl|AY521220.1_cds_AAS00463.1_1	MT_Pool_HQ_transcript/388647	94.000	200	12	0	1	200	83	282	5.20e-81	303
lcl|AF489933.1_cds_AAL87249.1_1	MT_Pool_HQ_transcript/350887	95.455	198	9	0	1	198	20	217	1.85e-84	316
lcl|AF489933.1_cds_AAL87249.1_1	MT_Pool_HQ_transcript/350887	84.953	319	40	3	208	525	275	586	1.85e-84	316
lcl|AF489933.1_cds_AAL87249.1_1	MT_Pool_HQ_transcript/350887	80.500	200	37	2	342	540	373	571	5.53e-35	152
lcl|D43794.1_cds_BAA07852.1_1	MT_Pool_HQ_transcript/262250	91.989	1423	112	2	1	1422	29	1450	0.0	1995
